[window]
width=0.000000
height=0.000000
posx=-32000
posy=-32000