[window]
width=958.000000
height=1008.000000
posx=1921
posy=31