[window]
width=980.000000
height=550.000000
posx=2857
posy=579